REACT_APP_WEATHER_API=167df38fb991eff15f3e0f3a9ff75716
REACT_APP_WEATHER_API_2=5896de680287dd6b3d6fce4f8db245df
REACT_APP_WEATHER_API_3=566c0b623f2641a1dbfe4c0bbd092cc1

NIS.LOCATION=43.31967419249367, 21.89513878569606
43.3247, 21.9033]